# transform file /mnt/diska/lfcd/data/indi/ABIDE/Yale_50559/mri/transforms/cc_up.lta
# created by xuting on Thu Oct 17 17:41:56 2013

type      = 0
nxforms   = 1
mean      = 129.0000 110.0000 117.0000
sigma     = 10000.0000
1 4 4
9.925509691238403e-01 -1.150486692786217e-01 -4.008030891418457e-02 1.704412460327148e+01 
1.149550005793571e-01 9.933599233627319e-01 -4.642010200768709e-03 3.070367050170898e+01 
4.034822806715965e-02 -0.000000000000000e+00 9.991856813430786e-01 1.204686164855957e+01 
0.000000000000000e+00 0.000000000000000e+00 0.000000000000000e+00 1.000000000000000e+00 
src volume info
valid = 1  # volume info valid
filename = /mnt/diska/lfcd/data/indi/ABIDE/Yale_50559/mri/norm.mgz
volume = 256 256 256
voxelsize = 1.000000000000000e+00 1.000000000000000e+00 1.000000000000000e+00
xras   = -1.000000000000000e+00 0.000000000000000e+00 0.000000000000000e+00
yras   = 0.000000000000000e+00 0.000000000000000e+00 -1.000000000000000e+00
zras   = 0.000000000000000e+00 1.000000000000000e+00 0.000000000000000e+00
cras   = 4.083082580566406e+01 -4.522056579589844e+01 3.224833679199219e+01
dst volume info
valid = 1  # volume info valid
filename = /mnt/diska/lfcd/data/indi/ABIDE/Yale_50559/mri/norm.mgz
volume = 256 256 256
voxelsize = 1.000000000000000e+00 1.000000000000000e+00 1.000000000000000e+00
xras   = -1.000000000000000e+00 0.000000000000000e+00 0.000000000000000e+00
yras   = 0.000000000000000e+00 0.000000000000000e+00 -1.000000000000000e+00
zras   = 0.000000000000000e+00 1.000000000000000e+00 0.000000000000000e+00
cras   = 4.083082580566406e+01 -4.522056579589844e+01 3.224833679199219e+01
