# transform file transforms/talairach.lta
# created by xuting on Thu Oct 17 10:26:19 2013

type      = 0
nxforms   = 1
mean      = 129.0000 110.0000 118.0000
sigma     = 10000.0000
1 4 4
1.057125329971313e+00 -1.199248358607292e-01 -1.587013527750969e-02 4.602033615112305e+00 
1.671873331069946e-01 1.096614241600037e+00 1.278254836797714e-01 -3.267013168334961e+01 
2.608105307444930e-03 -1.152604222297668e-01 1.011521220207214e+00 5.458018302917480e+00 
0.000000000000000e+00 0.000000000000000e+00 0.000000000000000e+00 1.000000000000000e+00 
src volume info
valid = 1  # volume info valid
filename = nu.mgz
volume = 256 256 256
voxelsize = 1.000000000000000e+00 1.000000000000000e+00 1.000000000000000e+00
xras   = -1.000000000000000e+00 0.000000000000000e+00 0.000000000000000e+00
yras   = 0.000000000000000e+00 0.000000000000000e+00 -1.000000000000000e+00
zras   = 0.000000000000000e+00 1.000000000000000e+00 0.000000000000000e+00
cras   = 4.083082580566406e+01 -4.522056579589844e+01 3.224833679199219e+01
dst volume info
valid = 1  # volume info valid
filename = /state/partition1/freesurfer51/average/RB_all_2008-03-26.gca
volume = 256 256 256
voxelsize = 1.000000000000000e+00 1.000000000000000e+00 1.000000000000000e+00
xras   = -1.000000000000000e+00 0.000000000000000e+00 0.000000000000000e+00
yras   = 0.000000000000000e+00 0.000000000000000e+00 -1.000000000000000e+00
zras   = 0.000000000000000e+00 1.000000000000000e+00 0.000000000000000e+00
cras   = 0.000000000000000e+00 0.000000000000000e+00 0.000000000000000e+00
