# transform file transforms/talairach_with_skull.lta
# created by xuting on Thu Oct 17 17:19:02 2013

type      = 0
nxforms   = 1
mean      = 129.0000 110.0000 118.0000
sigma     = 10000.0000
1 4 4
1.092325091362000e+00 -1.315517872571945e-01 -5.788984149694443e-02 7.124176502227783e+00 
1.993011683225632e-01 1.297812223434448e+00 1.716263033449650e-02 -4.176005935668945e+01 
7.844005525112152e-02 4.958954453468323e-02 1.103418588638306e+00 -2.927791213989258e+01 
0.000000000000000e+00 0.000000000000000e+00 0.000000000000000e+00 1.000000000000000e+00 
src volume info
valid = 1  # volume info valid
filename = nu_noneck.mgz
volume = 256 256 256
voxelsize = 1.000000000000000e+00 1.000000000000000e+00 1.000000000000000e+00
xras   = -1.000000000000000e+00 0.000000000000000e+00 0.000000000000000e+00
yras   = 0.000000000000000e+00 0.000000000000000e+00 -1.000000000000000e+00
zras   = 0.000000000000000e+00 1.000000000000000e+00 0.000000000000000e+00
cras   = 4.083082580566406e+01 -4.522056579589844e+01 3.224833679199219e+01
dst volume info
valid = 1  # volume info valid
filename = /state/partition1/freesurfer51/average/RB_all_withskull_2008-03-26.gca
volume = 256 256 256
voxelsize = 1.000000000000000e+00 1.000000000000000e+00 1.000000000000000e+00
xras   = -1.000000000000000e+00 0.000000000000000e+00 0.000000000000000e+00
yras   = 0.000000000000000e+00 0.000000000000000e+00 -1.000000000000000e+00
zras   = 0.000000000000000e+00 1.000000000000000e+00 0.000000000000000e+00
cras   = 0.000000000000000e+00 0.000000000000000e+00 0.000000000000000e+00
fscale 0.150000
